# Created by Octave 4.0.0, Tue Jan 03 18:04:22 2017 MST <edgar@edgar>
# name: data
# type: matrix
# rows: 7
# columns: 1
 2
 3
 4
 5
 6
 4
 4


